生命與死亡之神
0
4897 43 5074
next
生命樹妖
4817 24 5052
4838 24 5045
4840 24 5062
4885 24 5021
4969 24 5034
4923 24 5025
4929 24 5126
4981 24 5090
4828 24 5098
4984 24 5065
next
靈魂果妖
4849 24 5051
4887 24 5123
4854 24 5097
4859 24 5042
4880 24 5021
4959 24 5017
4979 24 5122
4836 24 5096
4969 24 5034
4899 24 5018
4987 24 5018
next
幽魂鎧甲
4887 26 5106
4881 26 5099
4880 26 5116
4895 26 5112
4905 26 5102
4948 34 5110
4941 34 5103
4930 34 5116
4898 34 5042
4912 34 5057
4931 34 5053
4949 34 5049
4958 34 5041
next
審判聖魂
4943 42 5074
4923 42 5071
4912 42 5081
4916 42 5093
4924 42 5096
4934 42 5092
4946 42 5058
4939 42 5036
next
怨恨惡魂
4913 34 5066
4912 34 5081
4929 34 5083
4934 34 5077
4921 34 5107
4921 34 5114
4922 26 5074
4925 26 5086
4920 26 5083
4925 26 5063
4920 26 5059
next
邪靈魂魄
4919 42 5112
4913 42 5101
4901 42 5112
4902 42 5094
4946 42 5104
4951 42 5094
4954 42 5088
stop